0.00496278934212901  139.90323888806 
0.0149628726767124  141.515981772565 
0.0250639686632163  143.687926998424 
0.035268138837458  146.10768331436 
0.0455775084963193  148.685585850596 
0.0559942693545749  151.381137218382 
0.0665206823415624  154.1721816056 
0.0771590805466181  157.045207080353 
0.0879118723228799  159.99138927839 
0.0987815445597838  163.004700764581 
0.109770666135379  166.080904218189 
0.12088189156045  169.216972024664 
0.132117964827376  172.410730735258 
0.143481723477691  175.660632578017 
0.154976102903426  178.965602828895 
0.166604140898545  182.324934579563 
0.178368982478131  185.738214266789 
0.19027388498445  189.205267826501 
0.202322223500624  192.726121072085 
0.214517496594442  196.300970130368 
0.226863332416742  199.930159150098 
0.239363495180973  203.614163377595 
0.252021892052897  207.353576269552 
0.264842580481958  211.149099697933 
0.277829776008769  215.001536565154 
0.29098786058628  218.91178533111 
0.304321391455746  222.880836083688 
0.317835110622468  226.909767878271 
0.33153395498063  230.999747140482 
0.345423067141298  235.152026977606 
0.359507807023037  239.367947282847 
0.373793764270513  243.648935546301 
0.38828677157308  247.996508309803 
0.402992918962775  252.412273221316 
0.417918569179451  256.897931659639 
0.433070374200053  261.455281912756 
0.448455293039533  266.086222903918 
0.464080610942613  270.792758469037 
0.479953960098904  275.57700219758 
0.496083342028787  280.441182857245 
0.512477151804464  285.387650430545 
0.529144204289675  290.418882799273 
0.546093762603449  295.537493120802 
0.563335569037955  300.746237948678 
0.580879878688864  306.04802615895 
0.598737496088871  311.445928753535 
0.616919815172061  316.943189622804 
0.635438862939299  322.54323736168 
0.654307347243681  328.24969824722 
0.673538709171569  334.066410501144 
0.693147180559945  339.997439978479 
0.713147847266615  346.047097443825 
0.733556718897822  352.219957620155 
0.754390805800664  358.520880222271 
0.775668204247949  364.955033218594 
0.797408190884355  371.527918601891 
0.819631327669065  378.245400992798 
0.842359578746621  385.113739450907 
0.865616440910888  392.139622928317 
0.889427089604607  399.330209871869 
0.913818542728766  406.693172565187 
0.938819844934183  414.236746903114 
0.964462275547521  421.969788413011 
0.990779583864894  429.901835484248 
1.01780825625281  438.043180945198 
1.04558782035989  446.404953343636 
1.07416119280395  454.999209551396 
1.10357507801024  463.839040639988 
1.13388042750557  472.938693376858 
1.16513297100967  482.313710193207 
1.19739383322789  491.981091101757 
1.23073025349549  501.959481833325 
1.26521642956665  512.269393464096 
1.30093451216873  522.933460087425 
1.33797578384908  533.976742735514 
1.37644206467688  545.427089901914 
1.41644739929058  557.315567828274 
1.45812009569115  569.676977441233 
1.50160520763089  582.550479803291 
1.54706758170764  595.980358672985 
1.5946956306969  610.016957982458 
1.64470605127156  624.717844814906 
1.69734978475698  640.14926643 
1.75291963591179  656.387995546438 
1.81176013593472  673.523695370697 
1.87428049291606  691.661991043056 
1.94097186741473  710.928517560465 
2.01243083139688  731.474343185443 
2.089391872533  753.483371967207 
2.17277348147205  777.182663279577 
2.26374525967778  802.857170771608 
2.36382871823476  830.871393315379 
2.47505435334499  861.702245794548 
2.600217496299  895.990962469188 
2.74331833993967  934.629044502908 
2.91037242460283  978.909201635377 
3.11104312006498  1030.81096451373 
3.36235754834589  1093.5965027385 
3.6988297849671  1173.22869358779 
4.20965540873309  1282.39351984757 
