1.5353775 -14.2745599576161 
3.070755 -14.1164509061048 
4.6061325 -13.9599784629305 
6.14151 -13.8051256873372 
7.6768875 -13.6518758139251 
9.212265 -13.5002122508352 
10.7476425 -13.3501185779534 
12.28302 -13.2015785451322 
13.8183975 -13.0545760704315 
15.353775 -12.9090952383777 
16.8891525 -12.7651202982405 
18.42453 -12.6226356623274 
19.9599075 -12.4816259042963 
21.495285 -12.3420757574853 
23.0306625 -12.2039701132598 
24.56604 -12.0672940193767 
26.1014175 -11.9320326783655 
27.636795 -11.7981714459265 
29.1721725 -11.6656958293452 
30.70755 -11.5345914859228 
32.2429275 -11.4048442214242 
33.778305 -11.2764399885404 
35.3136825 -11.1493648853683 
36.84906 -11.023605153905 
38.3844375 -10.8991471785587 
39.919815 -10.7759774846745 
41.4551925 -10.6540827370755 
42.99057 -10.5334497386188 
44.5259475 -10.4140654287673 
46.061325 -10.2959168821749 
47.5967025 -10.1789913072878 
49.13208 -10.0632760449593 
50.6674575 -9.94875856707912 
52.202835 -9.83542647521719 
53.7382125 -9.72326749928135 
55.27359 -9.61226949618876 
56.8089675 -9.50242044855136 
58.344345 -9.39370846337464 
59.8797225 -9.28612177077014 
61.4151 -9.17964872268111 
62.9504775 -9.07427779162141 
64.485855 -8.96999756942748 
66.0212325 -8.86679676602325 
67.55661 -8.76466420819773 
69.0919875 -8.66358883839538 
70.627365 -8.56355971351888 
72.1627425 -8.46456600374448 
73.69812 -8.36659699134933 
75.2334975 -8.26964206955125 
76.768875 -8.17369074136028 
78.3042525 -8.07873261844223 
79.83963 -7.98475741999399 
81.3750075 -7.89175497163043 
82.910385 -7.79971520428287 
84.4457625 -7.70862815310894 
85.98114 -7.61848395641371 
87.5165175 -7.52927285458197 
89.051895 -7.44098518902165 
90.5872725 -7.35361140111809 
92.12265 -7.26714203119911 
93.6580275 -7.18156771751092 
95.193405 -7.09687919520452 
96.7287825 -7.01306729533261 
98.26416 -6.9301229438569 
99.7995375 -6.84803716066575 
101.334915 -6.76680105860184 
102.8702925 -6.68640584250004 
104.40567 -6.60684280823518 
105.9410475 -6.52810334177966 
107.476425 -6.45017891827086 
109.0118025 -6.37306110108819 
110.54718 -6.29674154093964 
112.0825575 -6.22121197495789 
113.617935 -6.14646422580566 
115.1533125 -6.07249020079042 
116.68869 -5.99928189098819 
118.2240675 -5.92683137037646 
119.759445 -5.85513079497607 
121.2948225 -5.78417240200193 
122.8302 -5.71394850902263 
124.3655775 -5.64445151312863 
125.900955 -5.57567389010913 
127.4363325 -5.50760819363751 
128.97171 -5.44024705446505 
130.5070875 -5.37358317962313 
132.042465 -5.30760935163366 
133.5778425 -5.24231842772765 
135.11322 -5.17770333907187 
136.6485975 -5.11375709000354 
138.183975 -5.05047275727297 
139.7193525 -4.98784348929393 
141.25473 -4.92586250540194 
142.7901075 -4.86452309512006 
144.325485 -4.80381861743242 
145.8608625 -4.74374250006524 
147.39624 -4.68428823877521 
148.9316175 -4.62544939664533 
150.466995 -4.56721960338802 
152.0023725 -4.50959255465541 
153.53775 -4.45256201135678 
155.0731275 -4.39612179898312 
156.608505 -4.34026580693857 
158.1438825 -4.28498798787889 
159.67926 -4.23028235705675 
161.2146375 -4.17614299167371 
162.750015 -4.12256403023906 
164.2853925 -4.06953967193517 
165.82077 -4.01706417598945 
167.3561475 -3.96513186105284 
168.891525 -3.91373710458471 
170.4269025 -3.86287434224409 
171.96228 -3.81253806728729 
173.4976575 -3.76272282997164 
175.033035 -3.71342323696552 
176.5684125 -3.66463395076442 
178.10379 -3.61634968911308 
179.6391675 -3.56856522443355 
181.174545 -3.52127538325927 
182.7099225 -3.47447504567494 
184.2453 -3.4281591447622 
185.7806775 -3.38232266605106 
187.316055 -3.33696064697696 
188.8514325 -3.29206817634357 
190.38681 -3.24764039379098 
191.9221875 -3.20367248926954 
193.457565 -3.16015970251911 
194.9929425 -3.1170973225536 
196.52832 -3.07448068715102 
198.0636975 -3.03230518234865 
199.599075 -2.99056624194354 
201.1344525 -2.94925934699812 
202.66983 -2.90838002535098 
204.2052075 -2.86792385113263 
205.740585 -2.82788644428638 
207.2759625 -2.7882634700941 
208.81134 -2.74905063870692 
210.3467175 -2.71024370468076 
211.882095 -2.67183846651675 
213.4174725 -2.63383076620626 
214.95285 -2.59621648878081 
216.4882275 -2.55899156186651 
218.023605 -2.52215195524315 
219.5589825 -2.48569368040791 
221.09436 -2.44961279014348 
222.6297375 -2.41390537809075 
224.165115 -2.37856757832585 
225.7004925 -2.34359556494162 
227.23587 -2.3089855516334 
228.7712475 -2.27473379128908 
230.306625 -2.24083657558339 
231.8420025 -2.20729023457649 
233.37738 -2.17409113631654 
234.9127575 -2.14123568644657 
236.448135 -2.10872032781525 
237.9835125 -2.07654154009183 
239.51889 -2.04469583938498 
241.0542675 -2.01317977786561 
242.589645 -1.98198994339357 
244.1250225 -1.95112295914824 
245.6604 -1.92057548326292 
247.1957775 -1.89034420846305 
248.731155 -1.86042586170809 
250.2665325 -1.83081720383723 
251.80191 -1.80151502921862 
253.3372875 -1.77251616540235 
254.872665 -1.74381747277697 
256.4080425 -1.71541584422959 
257.94342 -1.68730820480946 
259.4787975 -1.65949151139506 
261.014175 -1.63196275236463 
262.5495525 -1.60471894727014 
264.08493 -1.57775714651456 
265.6203075 -1.55107443103256 
267.155685 -1.52466791197443 
268.6910625 -1.49853473039337 
270.22644 -1.47267205693589 
271.7618175 -1.44707709153555 
273.297195 -1.42174706310977 
274.8325725 -1.39667922925982 
276.36795 -1.37187087597393 
277.9033275 -1.34731931733341 
279.438705 -1.32302189522191 
280.9740825 -1.29897597903757 
282.50946 -1.27517896540827 
284.0448375 -1.25162827790976 
285.580215 -1.22832136678668 
287.1155925 -1.20525570867655 
288.65097 -1.18242880633657 
290.1863475 -1.15983818837322 
291.721725 -1.13748140897472 
293.2571025 -1.11535604764623 
294.79248 -1.09345970894776 
296.3278575 -1.07179002223487 
297.863235 -1.05034464140196 
299.3986125 -1.02912124462832 
300.93399 -1.00811753412668 
302.4693675 -0.987331235894527 
304.004745 -0.96676009946782 
305.5401225 -0.946401897677393 
307.0755 -0.926254426407813 
308.6108775 -0.906315504358743 
310.146255 -0.886582972808782 
311.6816325 -0.86705469538175 
313.21701 -0.84772855781539 
314.7523875 -0.828602467732458 
316.287765 -0.809674354414193 
317.8231425 -0.790942168576128 
319.35852 -0.772403882146216 
320.8938975 -0.754057488045262 
322.429275 -0.735900999969622 
323.9646525 -0.717932452176149 
325.50003 -0.700149899269372 
327.0354075 -0.682551415990875 
328.570785 -0.665135097010855 
330.1061625 -0.647899056721833 
331.64154 -0.630841429034514 
333.1769175 -0.613960367175747 
334.712295 -0.59725404348858 
336.2476725 -0.580720649234388 
337.78305 -0.564358394397047 
339.3184275 -0.548165507489132 
340.853805 -0.532140235360127 
342.3891825 -0.516280843006615 
343.92456 -0.500585613384436 
345.4599375 -0.48505284722279 
346.995315 -0.469680862840257 
348.5306925 -0.454467995962733 
350.06607 -0.439412599543242 
351.6014475 -0.424513043583615 
353.136825 -0.409767714958015 
354.6722025 -0.395175017238294 
356.20758 -0.380733370521146 
357.7429575 -0.366441211257059 
359.278335 -0.352296992081038 
360.8137125 -0.338299181645072 
362.34909 -0.324446264452342 
363.8844675 -0.310736740693144 
365.419845 -0.297169126082508 
366.9552225 -0.283741951699499 
368.4906 -0.270453763828185 
370.0259775 -0.257303123800243 
371.561355 -0.244288607839204 
373.0967325 -0.231408806906302 
374.63211 -0.218662326547926 
376.1674875 -0.206047786744639 
377.702865 -0.193563821761778 
379.2382425 -0.181209080001584 
380.77362 -0.168982223856871 
382.3089975 -0.156881929566205 
383.844375 -0.14490688707059 
385.3797525 -0.133055799871629 
386.91513 -0.121327384891153 
388.4505075 -0.109720372332315 
389.985885 -0.0982335055421051 
391.5212625 -0.0868655408752992 
393.05664 -0.0756152475598171 
394.5920175 -0.0644814075634663 
396.127395 -0.0534628154620718 
397.6627725 -0.0425582783089689 
399.19815 -0.031766615505846 
400.7335275 -0.0210866586749254 
402.268905 -0.0105172515324679 
403.8042825 -5.72497635835667e-05 
405.33966 0.0102944791016578 
406.8750375 0.0205390558108349 
408.410415 0.0306775895105167 
409.9457925 0.0407111778663448 
411.48117 0.050640907181873 
413.0165475 0.0604678525161803 
414.551925 0.0701930778002624 
416.0873025 0.0798176359522196 
417.62268 0.089342568991254 
419.1580575 0.0987689081504856 
420.693435 0.108097673988598 
422.2288125 0.117329876500335 
423.76419 0.126466515225845 
425.2995675 0.135508579358903 
426.834945 0.144457047854 
428.3703225 0.153312889532341 
429.9057 0.162077063186728 
431.4410775 0.170750517685365 
432.976455 0.179334192074599 
434.5118325 0.187829015680573 
436.04721 0.196235908209854 
437.5825875 0.204555779848998 
439.117965 0.212789531363097 
440.6533425 0.2209380541933 
442.18872 0.229002230553328 
443.7240975 0.236982933524987 
445.259475 0.244881027152695 
446.7948525 0.252697366537028 
448.33023 0.260432797927299 
449.8656075 0.26808815881318 
451.400985 0.275664278015372 
452.9363625 0.283161975775342 
454.47174 0.290582063844123 
456.0071175 0.297925345570204 
457.542495 0.305192615986506 
459.0778725 0.312384661896454 
460.61325 0.319502261959162 
462.1486275 0.32654618677374 
463.684005 0.333517198962721 
465.2193825 0.340416053254628 
466.75476 0.347243496565687 
468.2901375 0.35400026808069 
469.825515 0.360687099333028 
471.3608925 0.367304714283893 
472.89627 0.37385382940065 
474.4316475 0.380335153734417 
475.967025 0.386749388996828 
477.5024025 0.393097229636 
479.03778 0.399379362911727 
480.5731575 0.405596468969881 
482.108535 0.411749220916053 
483.6439125 0.417838284888424 
485.17929 0.42386432012989 
486.7146675 0.429827979059433 
488.250045 0.435729907342757 
489.7854225 0.441570743962194 
491.3208 0.44735112128588 
492.8561775 0.453071665136225 
494.391555 0.458732994857665 
495.9269325 0.464335723383716 
497.46231 0.469880457303337 
498.9976875 0.475367796926602 
500.533065 0.480798336349694 
502.0684425 0.486172663519224 
503.60382 0.491491360295889 
505.1391975 0.496755002517466 
506.674575 0.501964160061156 
508.2099525 0.507119396905285 
509.74533 0.512221271190362 
511.2807075 0.517270335279506 
512.816085 0.522267135818251 
514.3514625 0.527212213793731 
515.88684 0.532106104593244 
517.4222175 0.536949338062226 
518.957595 0.541742438561606 
520.4929725 0.546485925024584 
522.02835 0.551180311012812 
523.5637275 0.555826104771995 
525.099105 0.560423809286916 
526.6344825 0.564973922335898 
528.16986 0.569476936544687 
529.7052375 0.573933339439797 
531.240615 0.578343613501288 
532.7759925 0.582708236215001 
534.31137 0.587027680124259 
535.8467475 0.591302412881023 
537.382125 0.595532897296524 
538.9175025 0.599719591391373 
540.45288 0.603862948445146 
541.9882575 0.60796341704546 
543.523635 0.612021441136541 
545.0590125 0.616037460067288 
546.59439 0.62001190863884 
548.1297675 0.623945217151648 
549.665145 0.627837811452068 
551.2005225 0.631690112978459 
552.7359 0.635502538806817 
554.2712775 0.639275501695924 
555.806655 0.643009410132043 
557.3420325 0.646704668373137 
558.87741 0.650361676492644 
560.4127875 0.653980830422783 
561.948165 0.657562521997426 
563.4835425 0.66110713899452 
565.01892 0.664615065178071 
566.5542975 0.668086680339686 
568.089675 0.671522360339704 
569.6250525 0.674922477147879 
571.16043 0.678287398883654 
572.6958075 0.681617489856021 
574.231185 0.684913110602958 
575.7665625 0.688174617930465 
577.30194 0.691402364951195 
578.8373175 0.694596701122684 
580.372695 0.697757972285186 
581.9080725 0.700886520699113 
583.44345 0.703982685082096 
584.9788275 0.707046800645651 
586.514205 0.710079199131476 
588.0495825 0.713080208847364 
589.58496 0.716050154702749 
591.1203375 0.718989358243886 
592.655715 0.721898137688657 
594.1910925 0.72477680796103 
595.72647 0.727625680725152 
597.2618475 0.730445064419089 
598.797225 0.733235264288228 
600.3326025 0.735996582418313 
601.86798 0.738729317768164 
603.4033575 0.741433766202031 
604.938735 0.744110220521637 
606.4741125 0.746758970497873 
608.00949 0.749380302902173 
609.5448675 0.75197450153756 
611.080245 0.754541847269374 
612.6156225 0.757082618055677 
614.151 0.759597088977353 
