608.54
299.677
107.138
605.936
335.212
608.608
609.482
602.528
149.345
607.293
609.748
421.897
423
44.7226
600.642
349.081
206.078
232.014
609.487
601.953
107.059
29.6007
600.244
0.906092
603.873
602.97
600.954
604.55
139.238
603.377
602.138
603.433
229.407
405.899
610.027
604.15
327.099
262.373
601.105
610.01
147.923
204.336
610.243
215.744
610.272
347.39
523.776
606.641
604.028
68.6001
68.0152
286.673
139.277
607.261
103.278
602.328
568.784
605.525
602.906
601.287
605.356
606.823
607.791
591.251
390.248
601.14
58.0943
279.222
305.109
603.683
600.375
606.587
197.862
427.289
11.8569
33.8251
608.804
257.1
600.904
603.058
603.079
10.1322
462.693
455.237
235.85
95.2437
88.7891
582.765
611.089
152.074
600.225
600.784
599.619
609.51
399.959
384.997
604.711
606.382
601.629
605.134